1000
68.0
2.0
23.0
78.0
82.0
88.0
21.0
52.0
31.0
47.0
27.0
22.0
23.0
39.0
99.0
26.0
55.0
89.0
55.0
11.0
81.0
3.0
59.0
55.0
68.0
25.0
12.0
66.0
1.0
46.0
14.0
76.0
75.0
30.0
50.0
5.0
70.0
79.0
43.0
33.0
23.0
35.0
93.0
88.0
66.0
18.0
14.0
96.0
31.0
90.0
78.0
47.0
96.0
59.0
44.0
47.0
75.0
77.0
50.0
39.0
41.0
18.0
55.0
48.0
40.0
39.0
74.0
80.0
28.0
74.0
73.0
42.0
27.0
83.0
32.0
82.0
55.0
10.0
14.0
96.0
1.0
3.0
95.0
71.0
31.0
17.0
9.0
59.0
74.0
63.0
58.0
73.0
27.0
88.0
86.0
33.0
35.0
2.0
16.0
94.0
52.0
98.0
79.0
35.0
27.0
67.0
29.0
35.0
96.0
54.0
91.0
38.0
51.0
41.0
24.0
60.0
5.0
28.0
38.0
73.0
37.0
87.0
14.0
52.0
59.0
88.0
90.0
90.0
22.0
75.0
28.0
21.0
63.0
11.0
78.0
97.0
6.0
77.0
59.0
84.0
55.0
39.0
60.0
59.0
59.0
30.0
73.0
73.0
24.0
67.0
45.0
28.0
47.0
74.0
12.0
75.0
47.0
65.0
85.0
92.0
73.0
52.0
24.0
11.0
21.0
64.0
86.0
33.0
21.0
98.0
37.0
78.0
21.0
65.0
46.0
78.0
47.0
1.0
23.0
22.0
42.0
79.0
59.0
62.0
55.0
70.0
43.0
9.0
18.0
43.0
47.0
57.0
49.0
26.0
42.0
78.0
25.0
87.0
6.0
85.0
30.0
23.0
37.0
61.0
79.0
96.0
94.0
96.0
4.0
77.0
99.0
52.0
25.0
55.0
35.0
59.0
12.0
34.0
82.0
8.0
1.0
81.0
48.0
32.0
16.0
44.0
49.0
14.0
56.0
95.0
71.0
47.0
94.0
49.0
23.0
84.0
52.0
21.0
80.0
71.0
7.0
23.0
20.0
64.0
95.0
64.0
15.0
13.0
20.0
64.0
44.0
57.0
12.0
18.0
15.0
87.0
17.0
91.0
89.0
6.0
28.0
14.0
45.0
62.0
85.0
4.0
34.0
33.0
55.0
78.0
59.0
21.0
72.0
7.0
25.0
80.0
92.0
2.0
87.0
1.0
47.0
43.0
52.0
94.0
54.0
58.0
74.0
18.0
7.0
76.0
13.0
44.0
17.0
37.0
99.0
81.0
10.0
15.0
25.0
79.0
18.0
3.0
69.0
42.0
18.0
17.0
91.0
76.0
79.0
51.0
94.0
43.0
99.0
66.0
69.0
50.0
4.0
24.0
67.0
81.0
83.0
52.0
94.0
48.0
99.0
40.0
69.0
36.0
16.0
26.0
93.0
59.0
67.0
69.0
29.0
99.0
55.0
19.0
22.0
90.0
39.0
22.0
99.0
79.0
11.0
44.0
47.0
51.0
70.0
6.0
14.0
74.0
26.0
13.0
66.0
74.0
85.0
50.0
83.0
19.0
48.0
64.0
92.0
9.0
3.0
91.0
50.0
4.0
78.0
33.0
16.0
51.0
51.0
53.0
45.0
94.0
64.0
42.0
36.0
94.0
56.0
56.0
15.0
60.0
77.0
38.0
66.0
99.0
34.0
35.0
68.0
78.0
23.0
4.0
19.0
73.0
10.0
64.0
15.0
61.0
94.0
49.0
82.0
81.0
42.0
7.0
79.0
97.0
37.0
10.0
85.0
77.0
89.0
53.0
37.0
44.0
75.0
43.0
68.0
60.0
32.0
53.0
60.0
32.0
42.0
87.0
4.0
65.0
63.0
30.0
82.0
41.0
63.0
78.0
34.0
9.0
25.0
81.0
32.0
70.0
57.0
88.0
21.0
28.0
30.0
68.0
14.0
20.0
2.0
80.0
10.0
21.0
14.0
40.0
49.0
28.0
58.0
68.0
87.0
89.0
25.0
72.0
22.0
16.0
17.0
6.0
11.0
23.0
56.0
34.0
78.0
60.0
52.0
6.0
40.0
74.0
33.0
41.0
13.0
99.0
58.0
81.0
39.0
63.0
37.0
1.0
58.0
76.0
33.0
16.0
12.0
43.0
73.0
53.0
12.0
35.0
64.0
8.0
84.0
60.0
98.0
46.0
80.0
90.0
59.0
82.0
20.0
25.0
11.0
85.0
6.0
94.0
54.0
71.0
16.0
62.0
37.0
54.0
30.0
80.0
56.0
23.0
89.0
41.0
45.0
77.0
47.0
90.0
27.0
44.0
14.0
87.0
17.0
91.0
93.0
92.0
21.0
31.0
33.0
54.0
19.0
19.0
90.0
8.0
42.0
25.0
20.0
26.0
64.0
2.0
49.0
67.0
27.0
99.0
20.0
81.0
51.0
90.0
54.0
78.0
97.0
32.0
99.0
87.0
20.0
84.0
38.0
79.0
87.0
92.0
27.0
41.0
36.0
75.0
74.0
34.0
55.0
23.0
46.0
98.0
42.0
82.0
82.0
85.0
49.0
59.0
84.0
93.0
29.0
25.0
36.0
34.0
17.0
71.0
94.0
43.0
23.0
71.0
21.0
26.0
24.0
54.0
32.0
16.0
40.0
59.0
59.0
80.0
84.0
43.0
98.0
81.0
49.0
25.0
5.0
36.0
85.0
34.0
15.0
85.0
35.0
15.0
35.0
8.0
88.0
40.0
23.0
64.0
73.0
54.0
97.0
45.0
15.0
84.0
28.0
12.0
77.0
25.0
4.0
25.0
82.0
42.0
38.0
85.0
18.0
42.0
60.0
94.0
23.0
42.0
41.0
11.0
29.0
42.0
79.0
47.0
76.0
48.0
93.0
37.0
20.0
6.0
82.0
51.0
13.0
33.0
74.0
47.0
53.0
19.0
82.0
92.0
1.0
64.0
53.0
34.0
58.0
62.0
24.0
40.0
4.0
74.0
22.0
50.0
39.0
6.0
13.0
19.0
46.0
32.0
94.0
17.0
71.0
99.0
3.0
16.0
67.0
22.0
78.0
47.0
48.0
97.0
70.0
32.0
29.0
33.0
29.0
63.0
72.0
39.0
65.0
40.0
75.0
22.0
64.0
55.0
70.0
93.0
77.0
80.0
60.0
72.0
7.0
60.0
37.0
62.0
75.0
23.0
75.0
8.0
65.0
75.0
36.0
29.0
87.0
80.0
78.0
51.0
59.0
50.0
67.0
53.0
58.0
53.0
87.0
17.0
82.0
66.0
45.0
70.0
93.0
51.0
39.0
9.0
63.0
72.0
18.0
67.0
94.0
26.0
99.0
9.0
94.0
5.0
35.0
40.0
42.0
62.0
68.0
47.0
68.0
13.0
36.0
97.0
82.0
1.0
57.0
40.0
28.0
24.0
5.0
68.0
77.0
77.0
94.0
59.0
52.0
88.0
7.0
89.0
54.0
51.0
72.0
91.0
28.0
52.0
95.0
96.0
57.0
23.0
36.0
20.0
89.0
77.0
17.0
19.0
62.0
63.0
70.0
46.0
32.0
89.0
76.0
80.0
39.0
83.0
39.0
19.0
6.0
77.0
3.0
5.0
97.0
40.0
6.0
39.0
47.0
22.0
54.0
29.0
50.0
17.0
21.0
32.0
77.0
25.0
64.0
9.0
46.0
57.0
39.0
87.0
53.0
7.0
63.0
56.0
54.0
75.0
3.0
15.0
2.0
83.0
99.0
37.0
8.0
39.0
92.0
17.0
72.0
74.0
6.0
16.0
57.0
47.0
23.0
68.0
93.0
93.0
40.0
31.0
76.0
9.0
94.0
97.0
78.0
41.0
22.0
99.0
44.0
96.0
20.0
20.0
17.0
35.0
34.0
71.0
14.0
76.0
76.0
79.0
80.0
20.0
19.0
36.0
10.0
23.0
86.0
18.0
86.0
30.0
98.0
76.0
14.0
3.0
56.0
31.0
85.0
24.0
12.0
51.0
24.0
72.0
50.0
63.0
69.0
37.0
72.0
9.0
25.0
40.0
12.0
49.0
54.0
93.0
91.0
18.0
53.0
37.0
65.0
66.0
35.0
78.0
78.0
69.0
65.0
41.0
27.0
4.0
50.0
22.0
9.0
19.0
76.0
6.0
86.0
2.0
41.0
87.0
48.0
83.0
36.0
90.0
82.0
74.0
93.0
75.0
39.0
70.0
15.0
31.0
56.0
64.0
14.0
65.0
91.0
61.0
8.0
92.0
81.0
41.0
13.0
81.0
84.0
77.0
24.0
43.0
12.0
44.0
87.0
16.0
55.0
18.0
40.0
96.0
32.0
53.0
60.0
97.0
29.0
44.0
38.0
50.0
57.0
99.0
42.0
57.0
11.0
54.0
9.0
44.0